label_source,cutoff,universe,method,asset_i,asset_j,corr_calm,corr_stress,delta_corr,interpretation
markov_regime_monthly.ms_prob_stress,0.975,etf_assets,pearson,EWJ,VNQ,0.46514143266550184,0.6822168762688895,0.21707544360338765,Moderate breakdown
markov_regime_monthly.ms_prob_stress,0.975,etf_assets,pearson,EEM,EWJ,0.6324698356036192,0.8471080452262302,0.21463820962261093,Moderate breakdown
markov_regime_monthly.ms_prob_stress,0.975,etf_assets,pearson,EWJ,EWU,0.6374630024122568,0.8444937240836307,0.20703072167137382,Moderate breakdown
markov_regime_monthly.ms_prob_stress,0.975,etf_assets,pearson,EWG,EWJ,0.6423988955648469,0.8430930452646456,0.2006941496997987,Moderate breakdown
markov_regime_monthly.ms_prob_stress,0.975,etf_assets,pearson,EWJ,SPY,0.6721238889268217,0.8615231129839239,0.1893992240571022,Moderate breakdown
markov_regime_monthly.ms_prob_stress,0.975,etf_assets,pearson,AGG,HYG,0.1266450256320022,0.3079719164042146,0.18132689077221242,Moderate breakdown
markov_regime_monthly.ms_prob_stress,0.975,etf_assets,pearson,EEM,VNQ,0.5627602776641896,0.7414655650910592,0.17870528742686964,Moderate breakdown
markov_regime_monthly.ms_prob_stress,0.975,etf_assets,pearson,AGG,SPY,-0.11126026759904178,0.06539727576396025,0.17665754336300205,Moderate breakdown
markov_regime_monthly.ms_prob_stress,0.975,etf_assets,pearson,EWU,VNQ,0.5640801167985412,0.7379758943076962,0.17389577750915497,Moderate breakdown
markov_regime_monthly.ms_prob_stress,0.975,etf_assets,pearson,EWG,VNQ,0.5447350767166009,0.709431512968024,0.16469643625142305,Moderate breakdown
markov_regime_monthly.ms_prob_stress,0.975,etf_assets,pearson,AGG,DBC,-0.10656655081700586,0.0540258158210471,0.16059236663805296,Moderate breakdown
markov_regime_monthly.ms_prob_stress,0.975,etf_assets,pearson,AGG,EFA,-0.06201747942093369,0.0962261666830381,0.1582436461039718,Moderate breakdown
markov_regime_monthly.ms_prob_stress,0.975,etf_assets,pearson,AGG,EWU,-0.08327550168446528,0.07350881514842657,0.15678431683289185,Moderate breakdown
markov_regime_monthly.ms_prob_stress,0.975,etf_assets,pearson,DBC,EWJ,0.289617378044753,0.44242592410628273,0.15280854606152972,Moderate breakdown
markov_regime_monthly.ms_prob_stress,0.975,etf_assets,pearson,EFA,VNQ,0.6044067749445091,0.7568749253313158,0.15246815038680672,Moderate breakdown
markov_regime_monthly.ms_prob_stress,0.975,etf_assets,pearson,USO,VNQ,0.16236017164734365,0.31369894037836377,0.15133876873102012,Moderate breakdown
markov_regime_monthly.ms_prob_stress,0.975,etf_assets,pearson,DBC,VNQ,0.21011617571490762,0.36134395206288983,0.1512277763479822,Moderate breakdown
markov_regime_monthly.ms_prob_stress,0.975,etf_assets,pearson,AGG,EWG,-0.06975986388471718,0.07892678073759055,0.14868664462230774,Moderate breakdown
markov_regime_monthly.ms_prob_stress,0.975,etf_assets,pearson,AGG,USO,-0.1346690248416102,0.01151399556511925,0.14618302040672945,Moderate breakdown
markov_regime_monthly.ms_prob_stress,0.975,etf_assets,pearson,EWJ,HYG,0.4805723960029085,0.6175534261014376,0.13698103009852908,Moderate breakdown
markov_regime_monthly.ms_prob_stress,0.975,etf_assets,pearson,SPY,VNQ,0.6692417833129027,0.8061654685246951,0.13692368521179232,Moderate breakdown
markov_regime_monthly.ms_prob_stress,0.975,etf_assets,pearson,AGG,EWJ,-0.019239094141862673,0.11641861922081027,0.13565771336267296,Moderate breakdown
markov_regime_monthly.ms_prob_stress,0.975,etf_assets,pearson,EFA,EWJ,0.7928649764857527,0.920323244681878,0.12745826819612527,Moderate breakdown
markov_regime_monthly.ms_prob_stress,0.975,etf_assets,pearson,EWU,SPY,0.7615641521714775,0.887608982016439,0.12604482984496146,Moderate breakdown
markov_regime_monthly.ms_prob_stress,0.975,etf_assets,pearson,DBC,SPY,0.3678374786072695,0.4806986630374826,0.11286118443021309,Moderate breakdown
markov_regime_monthly.ms_prob_stress,0.975,etf_assets,pearson,EWG,SPY,0.7669402898730547,0.8735898820245526,0.10664959215149783,Moderate breakdown
markov_regime_monthly.ms_prob_stress,0.975,etf_assets,pearson,EWJ,USO,0.2396542420929937,0.3435049637148214,0.10385072162182771,Moderate breakdown
markov_regime_monthly.ms_prob_stress,0.975,etf_assets,pearson,EEM,EWG,0.7552347578266241,0.8556020932360934,0.1003673354094693,Moderate breakdown
markov_regime_monthly.ms_prob_stress,0.975,etf_assets,pearson,EEM,SPY,0.7687007258678047,0.8689933468125298,0.10029262094472513,Moderate breakdown
markov_regime_monthly.ms_prob_stress,0.975,etf_assets,pearson,EEM,EWU,0.7751902467640902,0.8707553832580833,0.09556513649399312,Small increase
markov_regime_monthly.ms_prob_stress,0.975,etf_assets,pearson,SPY,USO,0.32309188772739195,0.4184841608937887,0.09539227316639676,Small increase
markov_regime_monthly.ms_prob_stress,0.975,etf_assets,pearson,EWG,USO,0.3022795161271387,0.3960073967386919,0.09372788061155318,Small increase
markov_regime_monthly.ms_prob_stress,0.975,etf_assets,pearson,DBC,EWG,0.38209873468404054,0.4740993250981799,0.09200059041413938,Small increase
markov_regime_monthly.ms_prob_stress,0.975,etf_assets,pearson,EFA,SPY,0.8352422760673394,0.9251397032898513,0.08989742722251193,Small increase
markov_regime_monthly.ms_prob_stress,0.975,etf_assets,pearson,AGG,EEM,-0.07228516701205362,0.012419714197542992,0.08470488120959661,Small increase
markov_regime_monthly.ms_prob_stress,0.975,etf_assets,pearson,DBC,EFA,0.42954745246555254,0.5138805383710371,0.08433308590548455,Small increase
markov_regime_monthly.ms_prob_stress,0.975,etf_assets,pearson,DBC,EWU,0.4481666731197749,0.5292000725940283,0.08103339947425342,Small increase
markov_regime_monthly.ms_prob_stress,0.975,etf_assets,pearson,EEM,EFA,0.8320766028655101,0.9122986584978254,0.08022205563231533,Small increase
markov_regime_monthly.ms_prob_stress,0.975,etf_assets,pearson,EFA,USO,0.35191108811230104,0.42649260827796187,0.07458152016566083,Small increase
markov_regime_monthly.ms_prob_stress,0.975,etf_assets,pearson,EWU,USO,0.3823772773359763,0.4563674616439432,0.07399018430796689,Small increase
markov_regime_monthly.ms_prob_stress,0.975,etf_assets,pearson,EEM,USO,0.3549661435915196,0.42874757218539905,0.07378142859387943,Small increase
markov_regime_monthly.ms_prob_stress,0.975,etf_assets,pearson,EWG,EWU,0.8386496583085479,0.9070283414655788,0.06837868315703088,Small increase
markov_regime_monthly.ms_prob_stress,0.975,etf_assets,pearson,EWU,HYG,0.5997331525052496,0.6607972863877309,0.06106413388248133,Small increase
markov_regime_monthly.ms_prob_stress,0.975,etf_assets,pearson,DBC,EEM,0.4404173141459428,0.4999193738355026,0.059502059689559794,Small increase
markov_regime_monthly.ms_prob_stress,0.975,etf_assets,pearson,DBC,HYG,0.3462132272076487,0.402085067396931,0.05587184018928232,Small increase
markov_regime_monthly.ms_prob_stress,0.975,etf_assets,pearson,EFA,HYG,0.6401734936574242,0.6832459045788352,0.04307241092141101,Small increase
markov_regime_monthly.ms_prob_stress,0.975,etf_assets,pearson,EEM,HYG,0.5863380961026735,0.626407048140511,0.040068952037837446,Small increase
markov_regime_monthly.ms_prob_stress,0.975,etf_assets,pearson,EFA,EWU,0.9189243185537628,0.955029900194683,0.03610558164092026,Small increase
markov_regime_monthly.ms_prob_stress,0.975,etf_assets,pearson,HYG,SPY,0.6622259912880237,0.6981303354319872,0.035904344143963485,Small increase
markov_regime_monthly.ms_prob_stress,0.975,etf_assets,pearson,EFA,EWG,0.9254669377029054,0.9533138065873749,0.02784686888446941,Small increase
markov_regime_monthly.ms_prob_stress,0.975,etf_assets,pearson,EWG,HYG,0.6031327299337005,0.6300784838542061,0.026945753920505577,Small increase
markov_regime_monthly.ms_prob_stress,0.975,etf_assets,pearson,HYG,VNQ,0.5189256931996236,0.5353755019261262,0.01644980872650259,Small increase
markov_regime_monthly.ms_prob_stress,0.975,etf_assets,pearson,GLD,TLT,0.1692954969043818,0.17792924824015463,0.008633751335772821,Small increase
markov_regime_monthly.ms_prob_stress,0.975,etf_assets,pearson,SHY,TLT,0.5673211548496233,0.5648520193628864,-0.002469135486736884,Correlation decreased
markov_regime_monthly.ms_prob_stress,0.975,etf_assets,pearson,HYG,USO,0.31706301326752023,0.3100912177987824,-0.006971795468737829,Correlation decreased
markov_regime_monthly.ms_prob_stress,0.975,etf_assets,pearson,AGG,GLD,0.23889731491829885,0.21176359618652119,-0.027133718731777667,Correlation decreased
markov_regime_monthly.ms_prob_stress,0.975,etf_assets,pearson,SHY,SPY,-0.23481092132610099,-0.26551498632703735,-0.030704065000936365,Correlation decreased
markov_regime_monthly.ms_prob_stress,0.975,etf_assets,pearson,GLD,SHY,0.23704748493672703,0.19751351424416666,-0.03953397069256037,Correlation decreased
markov_regime_monthly.ms_prob_stress,0.975,etf_assets,pearson,DBC,USO,0.8717750187477445,0.8254415476919913,-0.04633347105575325,Correlation decreased
markov_regime_monthly.ms_prob_stress,0.975,etf_assets,pearson,GLD,USO,0.2022589675934259,0.14996842145347586,-0.052290546139950045,Correlation decreased
markov_regime_monthly.ms_prob_stress,0.975,etf_assets,pearson,SHY,USO,-0.12236922008212917,-0.17675531955401372,-0.05438609947188455,Correlation decreased
markov_regime_monthly.ms_prob_stress,0.975,etf_assets,pearson,DBC,GLD,0.3719378196550089,0.31404638422885417,-0.057891435426154714,Correlation decreased
markov_regime_monthly.ms_prob_stress,0.975,etf_assets,pearson,EWJ,GLD,0.12607100103782426,0.06744504780755403,-0.05862595323027023,Correlation decreased
markov_regime_monthly.ms_prob_stress,0.975,etf_assets,pearson,GLD,SPY,0.08265962614975583,0.015342799413277881,-0.06731682673647796,Correlation decreased
markov_regime_monthly.ms_prob_stress,0.975,etf_assets,pearson,TLT,USO,-0.21461641085566438,-0.2826335649565706,-0.06801715410090622,Correlation decreased
markov_regime_monthly.ms_prob_stress,0.975,etf_assets,pearson,DBC,SHY,-0.0986901724146714,-0.18046345416836757,-0.08177328175369616,Correlation decreased
markov_regime_monthly.ms_prob_stress,0.975,etf_assets,pearson,DBC,TLT,-0.19704577805485268,-0.282802593762249,-0.0857568157073963,Correlation decreased
markov_regime_monthly.ms_prob_stress,0.975,etf_assets,pearson,AGG,VNQ,0.06768367767920062,-0.024303979292094144,-0.09198765697129477,Correlation decreased
markov_regime_monthly.ms_prob_stress,0.975,etf_assets,pearson,EWG,SHY,-0.14254403111385647,-0.24224130293943208,-0.09969727182557561,Correlation decreased
markov_regime_monthly.ms_prob_stress,0.975,etf_assets,pearson,EWU,SHY,-0.162854366762398,-0.2629878804772081,-0.10013351371481011,Correlation decreased
markov_regime_monthly.ms_prob_stress,0.975,etf_assets,pearson,EWG,GLD,0.19432627026060945,0.09281273129896483,-0.10151353896164461,Correlation decreased
markov_regime_monthly.ms_prob_stress,0.975,etf_assets,pearson,GLD,VNQ,0.11364311535893284,0.005380763167860695,-0.10826235219107215,Correlation decreased
markov_regime_monthly.ms_prob_stress,0.975,etf_assets,pearson,EWU,GLD,0.19601894729118982,0.08737651220939002,-0.1086424350817998,Correlation decreased
markov_regime_monthly.ms_prob_stress,0.975,etf_assets,pearson,HYG,SHY,-0.005315842638598007,-0.1188807951282698,-0.11356495248967179,Correlation decreased
markov_regime_monthly.ms_prob_stress,0.975,etf_assets,pearson,EWJ,SHY,-0.10098518924830993,-0.2174629525841118,-0.11647776333580187,Correlation decreased
markov_regime_monthly.ms_prob_stress,0.975,etf_assets,pearson,EFA,SHY,-0.151312128889578,-0.2721376814631912,-0.12082555257361316,Correlation decreased
markov_regime_monthly.ms_prob_stress,0.975,etf_assets,pearson,SPY,TLT,-0.26600846270467154,-0.3887406557066393,-0.12273219300196775,Correlation decreased
markov_regime_monthly.ms_prob_stress,0.975,etf_assets,pearson,GLD,HYG,0.11219875954827052,-0.010609180210758885,-0.1228079397590294,Correlation decreased
markov_regime_monthly.ms_prob_stress,0.975,etf_assets,pearson,EWG,TLT,-0.24584319434638902,-0.3691027557143633,-0.12325956136797428,Correlation decreased
markov_regime_monthly.ms_prob_stress,0.975,etf_assets,pearson,EEM,SHY,-0.18346612664718326,-0.30825332352626456,-0.1247871968790813,Correlation decreased
markov_regime_monthly.ms_prob_stress,0.975,etf_assets,pearson,EWU,TLT,-0.25601812454950923,-0.38573110148172507,-0.12971297693221584,Correlation decreased
markov_regime_monthly.ms_prob_stress,0.975,etf_assets,pearson,EWJ,TLT,-0.15811647630704054,-0.2879103196569786,-0.12979384334993807,Correlation decreased
markov_regime_monthly.ms_prob_stress,0.975,etf_assets,pearson,EFA,TLT,-0.24300227301858954,-0.37704292592935906,-0.13404065291076953,Correlation decreased
markov_regime_monthly.ms_prob_stress,0.975,etf_assets,pearson,EFA,GLD,0.2132443068309801,0.07645091591882863,-0.13679339091215148,Correlation decreased
markov_regime_monthly.ms_prob_stress,0.975,etf_assets,pearson,HYG,TLT,-0.06415994802442025,-0.21250063245047082,-0.14834068442605058,Correlation decreased
markov_regime_monthly.ms_prob_stress,0.975,etf_assets,pearson,SHY,VNQ,-0.0691792374456314,-0.2184469833932259,-0.1492677459475945,Correlation decreased
markov_regime_monthly.ms_prob_stress,0.975,etf_assets,pearson,EEM,TLT,-0.21478187776140487,-0.3708924392393795,-0.1561105614779746,Correlation decreased
markov_regime_monthly.ms_prob_stress,0.975,etf_assets,pearson,EEM,GLD,0.24099151843554167,0.07900983632316506,-0.16198168211237662,Correlation decreased
markov_regime_monthly.ms_prob_stress,0.975,etf_assets,pearson,TLT,VNQ,-0.035832917177811896,-0.29447204033085406,-0.25863912315304216,Correlation decreased
markov_regime_monthly.ms_prob_stress,0.975,etf_assets,pearson,AGG,SHY,0.7398865168802722,0.4310426615742843,-0.3088438553059879,Correlation decreased
markov_regime_monthly.ms_prob_stress,0.975,etf_assets,pearson,AGG,TLT,0.860701812008133,0.5488720611259468,-0.31182975088218623,Correlation decreased
